tarrago@npdu714:~/Documents/manacurve$ python3 probability.py 
Ks [30, 10, 0, 20, 0]
Seq [[1, 0], [1, 1, 0], [3, 0]]
[1, 0] [1, 1] [0, 1] 0.9957848502559199 0.9957848502559199
[1, 1, 0] [1, 2] [0, 1] 0.9489349297416961 0.9449350269154467
[3, 0] [1, 1] [0, 3] 0.9949714855375232 0.9401834074665015
Prob 0.9401834074665015
tarrago@npdu714:~/Documents/manacurve$ python3 probability.py 
Ks [30, 20, 0, 10, 0]
Seq [[1, 0], [1, 1, 0], [3, 0]]
[1, 0] [1, 1] [0, 1] 0.9999725017873838 0.9999725017873838
[1, 1, 0] [1, 2] [0, 1] 0.9959499802324169 0.9959225933881054
[3, 0] [1, 1] [0, 3] 0.9172567474454267 0.9135167187185879
Prob 0.9135167187185879